test_fr_3 ok [[ 1, 30000, -1, 30000, 30000, 30000, 30000, 30000, -7, 30000, -9, 30000, 30000, 30000, -13, -14, -15, -16, 30000, -18, 30000, -20, -21, -22, 30000, 30000, 30000, 30000, 30000, 30000, 30000, 30000, 30000, 30000, 30000, 30000, 30000, 30000, 30000, 30000, 30000, 30000, 30000, 30000, 30000, 30000, 30000, 30000, 30000, 30000, 30000, 30000, 30000, 30000, 30000, 30000, 30000, 30000, 30000, 30000, 30000, 30000, 30000, 30000, ]
exp_ent: 
idx_ent: 1
entiere: 2
,,,,
exp_frc: 22
idx_frc: 20
fractio: 57395386523640999999
]				//	printf("test_fr_3 ok [%.0f]", [ 1, 30000, -1, 30000, 30000, 30000, 30000, 30000, -7, 30000, -9, 30000, 30000, 30000, -13, -14, -15, -16, 30000, -18, 30000, -20, -21, -22, 30000, 30000, 30000, 30000, 30000, 30000, 30000, 30000, 30000, 30000, 30000, 30000, 30000, 30000, 30000, 30000, 30000, 30000, 30000, 30000, 30000, 30000, 30000, 30000, 30000, 30000, 30000, 30000, 30000, 30000, 30000, 30000, 30000, 30000, 30000, 30000, 30000, 30000, 30000, 30000, ]
exp_ent: 
idx_ent: 1
entiere: 2
,,,,
exp_frc: 22
idx_frc: 20
fractio: 57395386523640999999
); // RUN THIS CODE FOR DEBUG
